$ANSIBLE_VAULT;1.1;AES256
61396639636338616236666163336237653662303436646663313262663761333937326437323536
3364643931636637363137376539363231356435376163310a313639653433663735626635386636
38613532326630343163313233396632396336346631323938666430646336346137646131363831
3164376138663664650a336130626136623439386662613365623235376131343263383366653830
33366431653635663935656135333462356134386433373730623466633463353236623239653162
32396633653138663333353264623661626437636337393461646665393435303130643461643437
38653562636632666131346163666166373565366263353162303835353434356139653461313039
33393962373035396437623830633664356638383763316563623461376639613934303664663062
62323037316631663935396462613165376534326438383937373335353138306633303236363965
64316561633762323461386537336233346363386561653639336330313133313330643434303734
62663230353737663063623836396232646266323534643361303062353734393033646634653664
39346230346433616133303664343033313035663435376636393836346262313861383164343235
66303230333536663535666530656162326164363532313065303531666236633233653965383234
61343362356135346466303766666330333261643662313937643961333139316263393737623032
65333930316432343063323530343833373936393030666131346534366165636237633934326239
33333062353933383566376562623836303439663931343662643331363631313630356465333732
38363134656632333431663139666330633362633361383365623164333838663438393834386433
65613733343736313764326232343661346634363961303836383061653033383864623762353530
37643131393535383030326533386664646662393666613761326430383166313836656437623033
36393133646561303634633733323062656261393131616530643664306437656432313565306561
34303737633263326162313832643039303336666435633333393438623465636134643436316262
64336133663731663662656361303631393534653231373566663433663637633836636563656364
30613132373663376239666634353065366563393862373433363836383761326634663963396261
62656564623336663538323931623838343535303737653030663930356130653433613136346131
32666330333764373265393134613838646536633934336232386134303633656138
